File                 Size  pi   po  li    lo    Parsing_T  BDD_creation_T  Conjunction_T  Quantification_T  FG_creation_T  Grouped_vars  Grouping_T  Convergence_T  FinalConjunction_T  Correctness
6s0_bdd.blif         4.1M  207  1   157   157   0.370394
6s105_bdd.blif       16M   49   1   151   151   2.49352
6s109_bdd.blif       984K  9    1   338   338   0.119949
6s120_bdd.blif       20M   58   1   58    58    1.96812    27.5196         2.13482        3.843e-06         1.04929        336140        3.62e-06
6s134_bdd.blif       636K  36   1   571   534   0.260273   1.04737         0.181516       3.571e-06         0.332913       11445         6.188e-06   75.6468        0.00376584          Y
6s185_bdd.blif       612K  37   1   367   366   0.135478   0.062707        0.017327       3.374e-06         0.210716       10764         6.513e-06   0.982442       0.00177181          Y
6s186_bdd.blif       384K  38   1   372   371   0.0603022  0.0763954       0.0189369      3.915e-06         0.219289       6961          6.143e-06   1.02104        0.00184292          Y
6s187_bdd.blif       376K  38   1   372   371   0.0442744  0.101317        0.0199271      4.085e-06         0.210375       6832          6.421e-06   1.04476        0.00187301          Y
6s188_bdd.blif       1.1M  30   1   786   783   0.204764   0.635104        0.170833       3.285e-06         0.651931       19106         6.164e-06
6s209b0_bdd.blif     8.4M  392  1   5759  2609  7.75552
6s269r_bdd.blif      4.7M  207  1   157   157   0.623434
6s274r_bdd.blif      4.0M  76   1   1712  1712  1.51347
6s275rb318_bdd.blif  3.7M  844  1   3196  2427  1.99242    0.36615         1.64431        8.524e-06         9.5933         66816         5.818e-06
6s276rb342_bdd.blif  3.7M  843  1   3201  2432  2.17927    0.326974        1.66645        9.174e-06         9.45476        66481         6.753e-06
6s280r_bdd.blif      332K  68   1   857   857   0.0772614
6s292rb037_bdd.blif  784K  111  1   3190  3094  0.458751   0.0408802       1.54619        4.109e-06         6.97572        17045         6.549e-06
6s29_bdd.blif        4.0M  4    1   2247  2247  1.6101     3.44161         1.28738        3.107e-06         5.55409        69635         6.313e-06
6s319r_bdd.blif      280K  37   1   192   192   0.0389673  29.8857         2.92115        4.183e-06         0.927395       4974          6.332e-06
6s351rb02_bdd.blif   6.5M  4    1   3862  3861  3.949      6.09318         3.66418        3.195e-06         15.9251        113481        6.138e-06
6s351rb15_bdd.blif   7.6M  4    1   3862  3861  4.63309    14.2126         4.85481        3.586e-06         16.4029        132764        6.218e-06
6s365r_bdd.blif      84K   28   1   204   204   0.0232985  0.00244521      0.00402906     2.49e-06          0.0315234      1646          5.745e-06   0.174264       0.000550317         Y
6s366r_bdd.blif      2.0M  78   1   1998  1998  0.850578
6s367r_bdd.blif      1.9M  35   1   1610  1610  0.686147
6s372rb26_bdd.blif   1.2M  74   1   1124  1085  0.597926   0.079989        0.188806       4.023e-06         1.87748        21469         6.754e-06
6s37_bdd.blif        1.1M  41   1   753   752   0.230002   0.773088        0.085088       3.791e-06         0.964582       18794         6.473e-06   13.0351        0.00703866          Y
6s41_bdd.blif        1.5M  19   1   959   957   0.362984   3.94816         0.49753        2.978e-06         0.826372       26506         6.243e-06
6s4_bdd.blif         364K  209  1   202   202   0.036735   0.684906        0.0219381      5.611e-06         0.322907       6565          5.998e-06   0.653062       0.00191458          Y
6s514r_bdd.blif      180K  36   1   441   441   0.330877
6s515rb1_bdd.blif    160K  36   1   441   441   0.304845   0.0109268       0.0192872      4.639e-06         0.261546       3252          6.379e-06   9.93204        0.00270834          Y
